732
2 391
3 428
4 964
5 74
7 444
8 807
12 690
13 251
14 810
16 560
18 105
19 341
21 215
23 439
24 923
25 424
26 146
27 877
28 982
29 776
30 295
31 100
32 526
33 692
36 564
37 580
38 296
41 746
44 936
45 110
46 604
47 318
49 826
51 131
52 142
53 322
55 36
56 256
58 910
59 494
60 537
62 645
64 750
65 774
67 34
68 394
69 226
73 177
74 377
78 651
81 731
82 536
83 146
85 306
86 14
87 211
88 493
89 389
90 716
91 81
92 875
93 992
94 34
95 510
99 31
100 239
101 676
102 484
103 215
104 326
105 735
107 616
108 885
109 644
110 26
111 102
112 144
113 863
115 951
117 325
118 540
119 555
120 135
122 892
123 696
124 582
125 180
126 913
127 869
128 466
129 467
130 732
131 753
132 623
133 100
134 400
135 881
136 660
137 395
138 744
139 540
140 850
141 821
142 903
143 452
145 384
148 471
149 68
150 656
151 86
152 940
153 266
154 976
155 996
156 464
157 877
159 167
160 467
161 667
163 912
164 842
167 571
168 422
169 454
171 716
172 329
173 673
175 739
176 60
177 980
178 914
179 264
180 525
181 84
182 989
183 931
184 624
185 933
186 686
188 118
189 123
190 573
194 440
195 819
196 494
198 591
199 640
200 881
201 960
202 183
203 24
206 439
207 817
208 531
209 335
210 990
211 704
214 588
215 313
216 813
218 556
219 58
224 722
225 50
226 219
227 495
228 742
229 119
231 936
232 814
233 474
237 279
238 631
240 537
241 202
243 997
244 297
245 649
246 849
247 735
250 420
251 512
252 568
253 41
254 255
256 66
257 114
258 737
259 153
260 149
261 810
263 916
264 153
265 764
266 627
267 321
268 890
269 783
270 459
271 7
272 800
273 735
274 728
275 388
276 837
277 502
280 648
281 426
283 142
284 486
285 547
286 718
288 488
289 247
290 834
291 678
292 1000
293 732
294 823
297 236
299 492
300 473
301 11
302 939
304 502
306 877
307 169
308 476
309 159
311 981
314 960
315 285
316 418
319 391
321 916
322 25
324 241
325 948
326 280
327 620
328 250
329 231
330 662
331 826
332 360
334 925
335 254
336 638
338 209
340 953
341 205
342 346
344 805
345 77
346 32
347 713
349 41
350 713
351 431
352 279
355 733
356 875
357 569
358 697
359 79
361 221
362 26
363 90
364 49
365 629
367 40
368 486
369 779
370 49
372 996
373 201
375 78
376 412
377 780
378 470
380 758
381 634
383 794
384 1000
385 838
386 287
387 822
388 754
389 689
390 523
392 916
393 10
394 152
395 306
397 344
398 870
400 746
402 4
404 910
405 794
406 346
407 893
410 258
411 236
413 453
414 163
415 269
417 322
418 503
419 314
421 943
422 959
424 642
425 464
426 607
427 716
429 898
430 381
431 486
433 489
434 26
435 852
436 156
438 380
439 901
440 485
441 347
443 300
444 954
445 510
446 492
448 895
449 828
450 713
451 133
453 974
455 704
456 684
457 571
458 189
459 522
460 101
461 656
462 170
463 496
464 91
465 656
466 327
467 449
468 805
469 856
470 367
471 292
472 577
474 195
475 893
476 39
477 69
478 610
479 537
480 886
481 711
483 62
484 367
487 198
489 706
490 781
491 843
492 420
493 761
497 148
499 471
500 110
501 555
503 687
504 171
505 585
506 445
507 682
508 496
511 557
512 214
513 602
515 932
518 892
519 411
520 920
521 63
522 142
523 266
527 2
528 606
529 577
530 155
531 524
532 349
533 102
534 197
535 120
536 471
537 210
538 931
539 424
540 951
541 463
542 441
543 25
544 965
547 54
548 455
549 385
550 331
551 36
552 64
553 505
554 843
555 56
557 385
558 59
559 682
560 956
561 110
562 371
564 757
565 752
566 177
567 563
569 131
570 138
572 531
573 820
577 257
578 524
579 693
581 696
582 308
583 132
584 462
585 174
586 215
587 172
588 465
589 398
590 365
591 980
592 741
593 642
594 679
595 492
596 977
597 597
598 189
600 780
601 497
603 310
605 224
606 344
610 590
611 385
612 663
613 835
614 996
615 377
616 412
617 831
618 972
619 123
620 501
622 568
624 686
625 389
626 1
627 520
629 176
630 341
631 49
632 939
633 192
634 416
635 974
636 904
637 313
640 271
641 422
642 337
643 517
644 192
645 857
646 364
647 732
648 117
649 899
650 794
651 853
652 315
653 148
654 693
655 262
656 695
657 40
658 968
659 579
663 408
665 649
666 216
667 3
668 808
669 704
671 532
672 795
673 880
674 382
675 171
676 281
678 430
679 868
680 950
681 878
682 22
683 902
684 789
687 260
688 48
690 425
694 660
697 859
698 490
699 929
702 187
703 720
704 279
705 43
706 225
707 941
709 318
711 839
712 970
714 876
715 795
718 204
719 722
720 784
722 137
723 74
724 330
725 975
726 871
728 735
729 255
730 616
731 457
732 622
733 938
734 548
735 459
736 11
738 176
739 118
740 394
742 734
744 750
747 864
748 861
749 547
750 576
751 942
752 262
754 613
756 434
757 771
758 281
759 579
760 605
761 876
762 55
763 293
764 916
768 882
769 91
770 556
771 42
772 315
773 660
774 680
776 356
777 578
778 109
779 534
780 679
784 787
785 972
786 146
787 655
788 885
790 349
792 653
793 61
795 833
796 941
797 624
798 756
800 665
802 542
803 153
804 76
805 31
807 453
808 902
809 168
811 856
812 681
813 41
814 365
817 567
819 778
820 735
821 652
822 766
823 380
824 873
825 661
826 665
828 241
829 740
830 15
831 72
832 303
833 680
835 609
839 179
840 188
841 687
845 936
846 876
849 202
850 31
851 418
852 359
853 531
854 844
855 484
856 448
857 534
859 236
860 893
861 923
862 900
864 265
866 944
868 113
869 475
870 76
871 177
872 204
873 327
874 232
875 332
876 827
879 71
880 583
882 352
883 682
884 273
885 445
887 96
888 236
889 565
891 213
893 228
894 552
897 388
898 108
899 792
902 633
903 969
904 139
906 816
907 981
908 585
909 14
911 503
913 883
914 828
915 456
916 555
918 329
926 801
927 369
931 345
932 328
933 671
934 112
936 266
937 61
940 577
941 893
949 47
950 669
951 506
952 942
954 682
956 626
959 25
960 838
961 492
962 368
963 354
964 179
965 566
966 253
967 774
971 513
972 104
973 759
974 478
975 795
976 298
977 809
979 732
982 562
983 504
985 437
986 152
987 810
990 383
991 282
994 371
995 41
996 269
997 401
998 245
1000 80
